Factorial

N -> RGA

START: 00 02

MOV.32 RGB,1                2:  1a 80 00 00 00 01
~~func:
CMP.32 RGA,1                8:  39 80 00 00 00 01
JEQ ##(finish)              e:  48 00 1c
MUL.32 RGB,RGA              11:  32 10
SUB RGA,1                   13: 29 80 00 00 00 01
JMP ##(func)                19: 40 00 08
~~finish:
MOV.32 RGA,0                1c: 19 80 00 00 00 00
syscall                     22: 88


MOV.32 RGB,1
00011 010 1000 0 0 00
0001 1010 1000 0000
1A 80 00 00 00 01

CMP.32 RGA,1
00111 001 1000 0 0 00
0011 1001 1000 0000
39 80 00 00 00 01

JEQ ##(finish)
01001 0000
0100 1000
48

MUL.32 RGB,RGA
00110 010 0001 0 0 00
0011 0010 0001 0000

00110 001 0010 0 0 00
0011 0001 0010 0000
31 20

32 10

SUB.32 RGA,1
00101 001 1000 0 0 00
0010 1001 1000 0000
29 80 00 00 00 01

JMP func
0100 0000 
40 00 06

MOV.32 RGA,0
00011 001 1000 0 0 00
0001 1001 1000 0000
19 80 00 00 00 00



00110 010